Coords
Total are 42
0.0 0.0
0.0020000000949949026 0.008999999612569809
0.010999999940395355 0.02500000037252903
0.028999999165534973 0.0430000014603138
0.05400000512599945 0.06800000369548798
0.07000000029802322 0.08399999886751175
0.07900000363588333 0.09300000220537186
0.08100000023841858 0.10899999737739563
0.08100000023841858 0.1340000033378601
0.08100000023841858 0.16899999976158142
0.08100000023841858 0.21299999952316284
0.08100000023841858 0.2669999897480011
0.08100000023841858 0.33000001311302185
0.08100000023841858 0.39100000262260437
0.08100000023841858 0.421999990940094
0.08100000023841858 0.4390000104904175
0.08799999952316284 0.4490000009536743
0.10300000011920929 0.46399998664855957
0.125 0.4860000014305115
0.15399999916553497 0.5149999856948853
0.1899999976158142 0.5509999990463257
0.2329999953508377 0.593999981880188
0.28299999237060547 0.6439999938011169
0.3400000035762787 0.7009999752044678
0.40400001406669617 0.7649999856948853
0.4749999940395355 0.8360000252723694
0.5109999775886536 0.871999979019165
0.5509999990463257 0.8989999890327454
0.5950000286102295 0.9169999957084656
0.6389999985694885 0.925000011920929
0.6899999976158142 0.9259999990463257
0.75 0.9259999990463257
0.8199999928474426 0.9259999990463257
0.8790000081062317 0.9259999990463257
0.9079999923706055 0.9259999990463257
0.9229999780654907 0.9259999990463257
0.9350000023841858 0.9350000023841858
0.9520000219345093 0.9520000219345093
0.9760000109672546 0.9760000109672546
0.9909999966621399 0.9909999966621399
0.996999979019165 0.996999979019165
1.0 1.0
