Forces
Max is: 1.0
0.2 0.9
0.6999999 0.7000001
0.8999999 0.19999997
0.7000003 0.7000001
-0.9000008 -0.9000008
-0.69999903 -0.69999903
-0.7000007 0.69999915
-0.19999959 0.90000105
0.0 0.999999
0.0 0.9000003
0.0 0.999999
0.0 0.9000032
0.0 -0.20000347
0.0 -3.0000002
0.0 -1.3999966
0.6999999 -0.7000028
0.80000013 0.49999958
0.69999987 0.70000285
0.69999987 0.6999969
0.69999987 0.70000285
0.69999987 0.6999969
0.69999987 0.70000285
0.70000136 0.6999969
0.6999998 0.7000028
0.6999968 0.7000028
-3.4999998 -3.5000086
0.40000403 -0.89999443
0.40000075 -0.90000033
-6.0260295E-6 -0.99999905
0.70000285 -0.7000029
0.9000002 -0.09999871
0.9999989 0.0
-1.0999979 0.0
-3.000003 0.0
-1.3999999 0.0
-0.29999617 0.90000033
0.4999995 0.8000016
0.6999969 0.6999969
-0.90000033 -0.90000033
-0.90000033 -0.90000033
-0.29999614 -0.29999614
-0.3000021 -0.3000021
